,Win,Loss,Games,Win Pct,Off Rank,Off Plays,Off Yards,Off Yards/Play,Off TDs,Off Yards per Game,Def Rank,Def Plays,Yards Allowed,Yards/Play Allowed,Off TDs Allowed,Total TDs Allowed,Yards Per Game Allowed,First Down Rank,First Down Runs,First Down Passes,First Down Penalties,First Downs,First Down Def Rank,Opp First Down Runs,Opp First Down Passes,Opp First Down Penalties,Opp First Downs,4th Down Rank,4th Attempts,4th Conversions,4th Percent,4rd Down Def Rank,Opp 4th Conversion,Opp 4th Attempt,Opponent 4th Percent,Kickoff Return Def Rank,Opp Kickoff Returns,Kickoff Touchbacks,Opponent Kickoff Return Yards,Opp Kickoff Return Touchdowns Allowed,Avg Yards per Kickoff Return Allowed,Kickoff Return Rank,Kickoffs Returned,Kickoff Return Yards,Kickoff Return Touchdowns,Avg Yard per Kickoff Return,Passing Off Rank,Pass Attempts,Pass Completions,Interceptions Thrown.x,Pass Yards,Pass Yards/Attempt,Yards/Completion,Pass Touchdowns,Pass Yards Per Game,Pass Def Rank,Opp Completions Allowed,Opp Pass Attempts,Opp Pass Yds Allowed,Opp Pass TDs Allowed,Yards/Attempt Allowed,Yards/Completion Allowed,Pass Yards Per Game Allowed,Penalty Rank,Penalties,Penalty Yards,Penalty Yards Per Game,Punt Return Rank,Punt Returns,Net Punt Return Yards,Punt Return Touchdowns,Avg Yards Per Punt Return,Punt Return Def Rank,Opp Punt Returns,Opp Net Punt Return Yards,Opp Punt Return Touchdowns Allowed,Avg Yards Allowed per Punt Return,Redzone Def Rank,Opp Redzone Attempts,Opp Redzone Rush TD Allowed,Opp Redzone Pass Touchdowns Allowed,Opp Redzone Field Goals Made,Opp Redzone Scores,Redzone Points Allowed,Redzone Off Rank,Redzone Attempts,Redzone Rush TD,Redzone Pass TD,Redzone Field Goals Made,Redzone Scores,Redzone Points,Rushing Def Rank,Opp Rush Attempts,Opp Rush Yards Alloweed,Yds/Rush Allowed,Opp Rush Touchdowns Allowed,Rush Yards Per Game Allowed,Rushing Off Rank,Rush Attempts,Rush Yds,Yards/Rush,Rushing TD,Rushing Yards per Game,Sack Rank,Sacks,Sack Yards,Average Sacks per Game,Scoring Def Rank,Touchdowns Allowed,Opponent Extra Points,2 Point Conversions Allowed,Opp Deflected Extra Points,Opp Feild Goals Made,Opp Safety,Points Allowed,Avg Points per Game Allowed,Scoring Off Rank,Touchdowns,PAT,2 Point Conversions,Defensive Points,Feild Goals,Safety,Total Points,Points Per Game,Tackle for Loss Rank,Solo Tackle For Loss,Assist Tackle For Loss,Tackle for Loss Yards,Total Tackle For Loss,Tackle For Loss Per Game,3rd Down Rank,3rd Attempts,3rd Conversions,3rd Percent,Time of Possession Rank,Turnover Rank,Fumbles Recovered,Opponents Intercepted,Turnovers Gain,Fumbles Lost,Interceptions Thrown.y,Turnovers Lost,Turnover Margin,Avg Turnover Margin per Game
Win,1.0,-0.9886554605244902,0.8679162894305671,0.9944611099394701,-0.5475100126724373,0.7158547064489454,0.7734130019308765,0.6515450471872123,0.7743862089328505,0.613810654582363,-0.649593471774254,0.4099897086016997,-0.36794087464025993,-0.6688272490842544,-0.602171385115711,-0.623597435893375,-0.6549190474613507,-0.734900312771594,0.5417724015213387,0.42118281557987014,0.19535213647204072,0.7651772796182892,-0.13997573365951763,-0.37678842365658566,0.07165353473357466,0.2923946225774212,-0.16133681956975318,-0.3990089227894798,0.03851014400326264,-0.21766312954220252,0.3891197640019141,-0.328042798245741,0.18643238611526133,0.5055443486484326,-0.35577441383900477,-0.2470180917233985,0.22765779428145025,0.554581581419427,0.15746591286533368,-0.023833391008844067,-0.21738870227078866,-0.15226637557429984,-0.2816786454381741,-0.16937458528307064,0.15808935074326008,0.174070206824051,-0.3311678503881133,0.133337098255652,0.25678900684553246,-0.3709484851463883,0.4559158628284613,0.6310357198189432,0.41575716758184617,0.5685299763796504,0.289186086084305,-0.3386501901865508,0.2535714351920459,0.5903438491662181,-0.002728017253175539,-0.36957953095155166,-0.6371923010778617,-0.388896455091316,-0.35459891773194513,0.06028126122615257,0.2662849210712068,0.2985672728696346,0.04416062567747697,-0.10207439967868372,0.4983089717796213,0.3999653706961318,0.1618259839591339,0.07273660817572863,-0.01846451220892586,-0.298646702094301,-0.233735375500085,-0.196889833414004,-0.035982755923694536,-0.36242581313916333,-0.5112074420798141,-0.5522424626208892,-0.3083805419733925,0.012944801126573193,-0.5586665704089926,-0.353767574092411,-0.4802884433127621,0.7331907617104986,0.6183337487408294,0.49490420817664676,0.2480463624663185,0.7718678565737286,0.49520871845024234,-0.641987487067014,-0.03924688624239141,-0.4815680668445343,-0.6121930268104209,-0.5661368188652929,-0.6340164698296702,-0.3665165396687818,0.48780401897385556,0.5176343770581476,0.4377174466304541,0.6142846012706537,0.38187527024254064,-0.5876435370456605,0.6741776696193145,0.6761835484969275,0.5788817553030312,-0.7403135431797139,-0.623597435893375,-0.6313958637041306,0.1593137687948311,-0.16265391679143557,-0.0187250451085578,-0.037987328029291015,-0.6276112646466081,-0.7533551167805004,-0.7348294367091058,0.800131732684202,0.8116164196231099,0.056085381605482536,0.2132573575709929,0.32934014655276284,0.016782764568569634,0.8361120705380484,0.7633364113167889,-0.4033509198492767,0.5546098455819007,0.36111117791034064,0.6761460904719138,0.5971944820681715,0.4081756026516382,-0.6452810302242737,0.23604504308171656,0.6198967913609057,0.6497994589160901,-0.3475874142537829,-0.517908613907824,0.23056854463794285,0.5693423294606951,0.5698138325445448,-0.0158645276291046,-0.3709484851463883,-0.30580869728910465,0.5453601886451063,0.5442793406220724
Loss,-0.9886554605244902,1.0,-0.7834636998644565,-0.9965276574957909,0.5553174058420817,-0.6768458423957543,-0.7502190395386124,-0.6497935647789936,-0.7595591992051831,-0.6220712098257309,0.6470730513460632,-0.35230935283266157,0.40635902437464655,0.6732499443802261,0.6320154125315214,0.6522529152528204,0.6546129793861274,0.7135558342056423,-0.5362882896414204,-0.39542595043361906,-0.1912892246678811,-0.7395837161014527,0.18224983959638735,0.41048555084356464,-0.048514792728243064,-0.2555170288377473,0.20999866387197968,0.4173637968828686,-0.05500905517609555,0.2112334558658215,-0.4096166470186017,0.331716531427076,-0.17116129268446276,-0.4822065892739429,0.3628526175787523,0.2561296241646009,-0.23916645377659942,-0.5227983190669658,-0.16725914616645793,0.0005566045706031146,0.22347851508522307,0.12915403697850292,0.313829911078718,0.2053774638449374,-0.16324888970575782,-0.1495358525966165,0.33804541889347145,-0.10955694727864627,-0.23569088745488198,0.40676278948303224,-0.43492420811354965,-0.6407223960774509,-0.42710219642929503,-0.561720842478387,-0.2889450907638174,0.3296431776357161,-0.23276065215341452,-0.5617087003184187,0.027127359011003677,0.39767950239098354,0.6383664112759952,0.3966034565112701,0.34299835671684137,-0.04073508744974697,-0.22009541172034974,-0.25446729677288055,-0.024415326980208214,0.09631659528332001,-0.4704075853348352,-0.3899026036453779,-0.1607997340180045,-0.07288253460061815,0.03561806698086688,0.303225797204116,0.24189117970658566,0.18535471226712324,0.055260369068784884,0.3684651988071003,0.5501194649935727,0.5725001489115923,0.34308097920215075,0.002557887492024834,0.5964591360944587,0.36084148333849647,0.492455923600624,-0.7112500883117764,-0.6011702002279109,-0.48426806158300656,-0.24689180565666502,-0.7543241174885532,-0.5060326845938602,0.6497491909322817,0.08876632502011697,0.5121885806767539,0.6230521276514596,0.5874185658961785,0.6427452400710716,0.37770402592952695,-0.47773360476722676,-0.5110219284403514,-0.43715172883738035,-0.5982403095961006,-0.3919825237555336,0.5929692940764119,-0.6636577739287426,-0.6697606382938182,-0.5841337500715451,0.7444206833636627,0.6522529152528204,0.6584047095476082,-0.14898644131755273,0.16370228462546768,0.033687993232278744,0.032868572813054574,0.6586988370751249,0.7617336634175855,0.7391408773862624,-0.7852484302028773,-0.7978912539552347,-0.0492434373483188,-0.20372342327009216,-0.3296720145201773,0.010589801349192313,-0.8213098729949166,-0.7696427199709343,0.40274638900734466,-0.5338879944715786,-0.34791644311798037,-0.6642348993242672,-0.5749868168490093,-0.411276035895374,0.6470934127437182,-0.21560384017131912,-0.6143444079889131,-0.6580093132692589,0.33886536734659883,0.5415715458524301,-0.22846024481507038,-0.5607675243147933,-0.5620610718898809,0.04450177170417653,0.40676278948303224,0.3528555705560831,-0.5690512048211225,-0.5681182648776459
Games,0.8679162894305671,-0.7834636998644565,1.0,0.8189667444194598,-0.428833643438848,0.7234470312686805,0.718944064327678,0.54683526738223,0.69208296241834,0.4823911200412906,-0.5477575328833039,0.5312027055864197,-0.1784905629209672,-0.5407685977521217,-0.4013499939812435,-0.42307268347896176,-0.5448570976305359,-0.680846931951043,0.4680237251270717,0.43492746993592984,0.17565638620324728,0.7200405250469704,0.02356327457895664,-0.20144984512850306,0.13602021602588873,0.3647576273459327,0.02694907639965242,-0.27063810880145406,-0.022582554933637814,-0.2020102485877673,0.2553425917354,-0.2602578994814247,0.20531453268685929,0.49698140014827,-0.27202776130801154,-0.1749923293379553,0.15098830862215631,0.5656309471429151,0.09837381410517812,-0.09676686543975208,-0.160380810153334,-0.2028738238631452,-0.12758277786978778,-0.021588293765887757,0.11421500069589052,0.22568229239728435,-0.25225795939932844,0.18936338212242088,0.28300848237209647,-0.18959891949451732,0.4480113977486016,0.4919786804856601,0.3077271965017176,0.4946250287222085,0.2409371619067541,-0.3110011136638759,0.2793863976561673,0.5849172293507877,0.07842252107326557,-0.2139731994844381,-0.5252418993296866,-0.29745289815861325,-0.33282172540723054,0.1146961654433414,0.3738703411522942,0.39376759238348497,0.1019680856163342,-0.10380348764773102,0.5060649147320138,0.3654086022402622,0.13777411411109627,0.05991792336340286,0.041393338664788025,-0.23285337007353082,-0.16712292214354293,-0.20164365492699296,0.033870379959371456,-0.28098642412200064,-0.29582593287101877,-0.3915907374238609,-0.14132600793082645,0.06201627705101271,-0.33893801521789013,-0.27037548284053214,-0.3585941624940845,0.6813989181657989,0.5702238220160527,0.4461419848940433,0.20979584471848625,0.6989758618111482,0.3754269223328637,-0.507438854800834,0.13116862577809857,-0.2986331519540032,-0.4724545317507529,-0.3997420771653705,-0.49762166155809184,-0.2673587552826289,0.4383751265362299,0.4517108782413641,0.36535148782284316,0.5631600612603214,0.28368494520330334,-0.4703672258935269,0.5946262737532215,0.5827433519936822,0.4633353696700849,-0.6011743651375793,-0.42307268347896176,-0.4349938658967343,0.16644634526963542,-0.13160093303217035,0.03393272376143775,-0.04847225156500849,-0.41836291144353943,-0.5978786822926234,-0.5959447463580507,0.7136482101405613,0.7193551744706459,0.06919941253073693,0.20861738815895192,0.2723866625668089,0.10445663933697852,0.7432580801301761,0.6130199785691419,-0.3369418689817779,0.5290746734253718,0.34350139117236494,0.600861821891999,0.5693505073867756,0.32869608533335665,-0.5298480352334283,0.26361028725218116,0.5331240096002225,0.5124438983889344,-0.3174802141982708,-0.3518188590287519,0.19843625904134318,0.5011386270267665,0.4988116876400986,0.08152857125711045,-0.18959891949451732,-0.09836106599050504,0.37452177983869755,0.3731351159346337
Win Pct,0.9944611099394701,-0.9965276574957909,0.8189667444194598,1.0,-0.5526387691113186,0.6936411173071202,0.7561135804992952,0.648545245751551,0.7595379303920083,0.6167474403496853,-0.6498306457027387,0.37850435641080094,-0.389380973155869,-0.6731990122218783,-0.6228019516610418,-0.6440469609776317,-0.6559693765739482,-0.7265567748639832,0.5391934844378099,0.4026199042406386,0.19009390602581192,0.7474261958498983,-0.16229558531977833,-0.3944260363263235,0.06120925005613278,0.26845122649938935,-0.18693200029790952,-0.4089554063663369,0.05427958240309179,-0.20827739497470926,0.3999877732748085,-0.32566831941850816,0.18668096447014007,0.4985254313548392,-0.35590974013332805,-0.24865090410789645,0.23878261425618602,0.5291557816470879,0.1690872985246659,-0.003516266772009674,-0.21732727094705837,-0.13743455869156046,-0.30256354875982633,-0.1914934570186997,0.16347213156419294,0.15999693354440506,-0.33535671521643023,0.11457585224856044,0.23951833716369683,-0.392747534368549,0.43923661991296126,0.6393518780226677,0.4290943193172581,0.5553692895236326,0.285971911503427,-0.32945643653861445,0.2463507443101699,0.5760893531583318,-0.012145740484254342,-0.38415608894285275,-0.6375351258398586,-0.3932135101045459,-0.34466876578460753,0.04395197588446268,0.23794195789330777,0.26880097090588145,0.028569418802363515,-0.10169683014888298,0.4795949083226949,0.395631313100661,0.15551659046012478,0.07628595477606222,-0.026418383630312854,-0.29781309325736854,-0.23458001463567968,-0.19582035786188629,-0.04563720575015233,-0.3646549507231688,-0.5320060556528244,-0.5675683287948164,-0.3268144929456414,0.011967644807623253,-0.5791630509877976,-0.3556675761391738,-0.4894448518010982,0.7213167844307861,0.6100999651469539,0.4797806674386486,0.25682596725574597,0.7612706377811618,0.5050004066737017,-0.6488745652272894,-0.06766952634518596,-0.5020800945938129,-0.622514333908098,-0.5842066558353473,-0.6433368994821439,-0.37185281419344746,0.4872881509547477,0.5139472183680286,0.4338864033444181,0.604880065523447,0.3892321290698749,-0.5962017580923938,0.6720250977940372,0.6749588568496808,0.5877946226239654,-0.7481129568192203,-0.6440469609776317,-0.6516819211952937,0.1508624845197719,-0.16697986996747013,-0.018749124702258806,-0.03288781466455306,-0.6483113578992277,-0.7628700009477444,-0.739036444118333,0.7855531180209493,0.7968432063639246,0.05388185456587772,0.20675208786758292,0.3393491215712251,-0.0016553999769629959,0.8230859031565707,0.7650083986788017,-0.40479830807680367,0.542540553163552,0.3564845316979225,0.6698647942506593,0.5853422992557107,0.4124247590275525,-0.6484672525698749,0.22922651277756478,0.6199906050944921,0.6562478186310338,-0.34713145318472105,-0.5333431853580487,0.23700998396746442,0.5626032822690161,0.5686426974688931,-0.02461573807516915,-0.392747534368549,-0.32883409793010376,0.5586101943567311,0.5596805059025185
Off Rank,-0.5475100126724373,0.5553174058420817,-0.428833643438848,-0.5526387691113186,1.0,-0.6905230474579692,-0.9054369206715029,-0.873235901970321,-0.8306711199820166,-0.9653033481958228,0.045476968104448914,-0.3802611679534413,-0.11784080898259654,0.13070647062496,0.1105765684515549,0.11815755219169877,0.06777255788278097,0.8806112832735143,-0.4494921410942436,-0.6178243903011276,-0.2158055341333845,-0.8613595488487196,-0.2021545941230615,0.035638126050809016,-0.2622538669586251,-0.1863478014097813,-0.18384398657425835,0.3302865931110531,-0.16827418673645853,0.011603024210566007,-0.3350778860643355,0.15985195552065426,-0.148648635653637,-0.3010251329817735,0.1620151991393813,0.05392568160633433,-0.3858595912615176,-0.3059210894536636,-0.35728067087888676,-0.1970599323662269,0.009651826419586049,0.11401266549092597,0.014808481763723342,-0.031025893193752856,-0.08677128390824174,-0.08331625763353499,0.649101048498615,-0.35041190111388304,-0.46277854262189777,0.23443039499320267,-0.661654337685182,-0.6717122103149992,-0.38955173543821686,-0.7076439159371825,-0.6210940927581186,-0.07985349476904077,-0.31869510523841993,-0.43239931728454795,-0.26294992770902587,0.039221216515462266,0.18692692252577758,0.09291909820952697,-0.07900679936160786,-0.18264486843913763,-0.24177520347616271,-0.2923453013457688,-0.17898134881228958,-0.06469384216061677,-0.18099573362321464,-0.09479247410936884,0.0029634410066614616,0.04061597820717262,-0.09517430812801042,0.4307160744087683,0.213768212555799,0.02484159112938559,-0.09655588136811176,-0.01441023123149385,0.16357206072770766,0.115956157496544,0.22128603378708112,-0.11025237288755585,0.1414214373741486,0.01054663781396953,0.3956579341621733,-0.7137531715728261,-0.5038338348742649,-0.5831220341588921,-0.18247533505721814,-0.7230997096816913,-0.4196350334911787,0.13847655125757027,-0.08005385832604293,0.059453062009943124,0.11949155062832276,0.12380004122896418,0.156989403296629,0.4243883348310325,-0.24878811573907655,-0.4502650099249859,-0.5652831214932218,-0.5561918312199886,-0.40080999234982184,0.2275300143674446,-0.2770463789379785,-0.25727021089813673,-0.2300102394335793,0.1559042305363365,0.11815755219169877,0.17662196227060734,-0.3535375585339001,0.12899090586953713,-0.11538166117504288,-0.0774374821761258,0.09925093421580317,0.18899700855663343,0.8657235451287566,-0.8131502992570887,-0.796594772938908,-0.1615091563516741,-0.2031422666478544,-0.1223707827309351,0.017851565118847605,-0.8155483119433157,-0.8539104549345659,0.1999265716125498,-0.2957715967592055,-0.12850471941897365,-0.25786358576603957,-0.2958037836312782,-0.20381904247095953,0.7077726750771514,-0.06538260834641181,-0.5857703062654596,-0.7070909563275394,0.05454273411015202,0.30898683544352334,-0.031026315991053623,-0.38877100616256216,-0.312262816679124,-0.02158005356812661,0.23443039499320267,0.17283273291398518,-0.30204979578091484,-0.3079531910522199
Off Plays,0.7158547064489454,-0.6768458423957543,0.7234470312686805,0.6936411173071202,-0.6905230474579692,1.0,0.8161113840953097,0.5150471148140278,0.7109306004739548,0.7257346204205032,-0.3095553962985218,0.5176529716259617,-0.03304344317778477,-0.3783580040313525,-0.2496460588819508,-0.2627341487254945,-0.31406185497761996,-0.8342408392338436,0.4713291153336375,0.5912617913530269,0.27451683312552694,0.8633100359161399,0.08062127079599309,-0.20695164869477894,0.22250747704392673,0.34275593374822777,0.07127858320413023,-0.3007836839477416,0.14743005437760104,0.009402178081107307,0.2925900238165278,-0.2648156180714681,0.1755540677176411,0.4356412585567395,-0.27032774576100027,-0.04108021376082833,0.26039782788903887,0.46067104279157123,0.2315673689835353,0.043593134549979005,-0.024843440784207225,-0.12368647484647705,-0.06859244724646045,-0.004241966653411097,0.09736084505797739,0.12214180620212606,-0.48853067038706477,0.43370316450253166,0.4885570165194975,-0.14744105097395518,0.5860733941258781,0.3943307020615238,0.1557250118452861,0.5725018264768427,0.4621187112496332,-0.07303587417929563,0.3138198411043312,0.5843292281950192,0.22705050633318888,-0.08402772027656664,-0.37238038745081253,-0.1307978217389755,-0.07911835144219505,0.21075000754690054,0.39731716069937756,0.40925774344115345,0.21339514141236077,-0.04960708008430907,0.4471744039838049,0.27110953018435857,0.05550859977042671,0.02058779046238176,0.13850279886564465,-0.2620933069107031,-0.09680642906679177,-0.1416575889003982,0.13479318705844637,-0.14748798700547078,-0.2491113451956009,-0.3066838097272014,-0.17834753841509188,0.12799286585739855,-0.26179371331213014,-0.17218496192593935,-0.3091692894905301,0.7602331019398939,0.5044297090763937,0.5256074166738935,0.32391314992895237,0.7436581785821652,0.35302002596602144,-0.382028409880758,0.11332708585229201,-0.22857459774074934,-0.36472610722908677,-0.28263187190722,-0.37584472266288116,-0.3140861658543922,0.43403191119195833,0.41839129017356547,0.3305749584484677,0.5108302458215462,0.30707333398778053,-0.41696754790574414,0.5122548490759736,0.486497945362277,0.43121495657247755,-0.3791342853823745,-0.2627341487254945,-0.30466262944984174,0.3185420614323848,-0.17191738960502068,0.08333318238274197,0.08982188141879606,-0.2481082697864833,-0.3866743521422325,-0.6691625295548339,0.7128575993273579,0.7162623817163619,0.1210479537384723,0.22808878494066742,0.3286970352616351,0.0549828341262129,0.7513969944575349,0.6976386875689395,-0.38301054613233254,0.5138225555090876,0.2934883053618246,0.5092905131015677,0.53874088829763,0.3849485988179118,-0.6160799300310364,0.593267251608065,0.7803956157097722,0.6098801446007486,-0.19759188805137703,-0.3586621907109246,0.17016370179972296,0.5171001294148393,0.49367498596242876,0.0489918171338049,-0.14744105097395518,-0.08580428778470484,0.3636515538127315,0.36438427515309724
Off Yards,0.7734130019308765,-0.7502190395386124,0.718944064327678,0.7561135804992952,-0.9054369206715029,0.8161113840953097,1.0,0.9118316432127221,0.9313863562263011,0.9536352498587812,-0.2705367469424478,0.47747635823452256,-0.011505973897116425,-0.3283798694027203,-0.26300354982768126,-0.27844495178847045,-0.28903694360038484,-0.9175785696751892,0.529817816482254,0.6663263323262624,0.2600437472844576,0.9654221525618347,0.13563283119056718,-0.13676225221572424,0.23115827514532722,0.3089528678827375,0.12023342783328042,-0.3813245036515647,0.10367231830963744,-0.1142875988193699,0.3731052358060895,-0.21810608969284936,0.18712802899136352,0.40977052507512235,-0.22050961994230248,-0.10790286880983052,0.3156935799007683,0.5176863785176576,0.27194184756037315,0.08296184538804471,-0.06962384876153875,-0.12548644737211434,-0.10297797978053659,-0.03622688806772007,0.09233860043275618,0.11274363168331739,-0.6125207383184855,0.3652454524225007,0.4929154782971933,-0.25945512236587037,0.7124062945870406,0.7139650467903622,0.4097697334743807,0.7779753205446448,0.5985441898822625,-0.08397723349059447,0.3229738477222633,0.5561429195757984,0.2060485968898485,-0.1380485564261455,-0.3743747804746761,-0.18757160439510845,-0.09121996834645324,0.19329270027006593,0.3406367006643693,0.3912175208193476,0.19029717945482544,-0.03742053422523968,0.3509728648396823,0.25424068960164614,0.11677072032348532,0.041308866805139025,0.1142678976819562,-0.4391774406078344,-0.23006004594372134,-0.0747418093875121,0.10949570503613411,-0.1126715691252915,-0.2740864206087989,-0.2527511942057591,-0.2485025161829662,0.0820750326154084,-0.2712081839011617,-0.12558578520534133,-0.44571908081327444,0.8333626644527006,0.602765656298747,0.6592578672896626,0.22855068326256459,0.8472540610566338,0.4737256792220935,-0.3255861025746793,0.08716990779385811,-0.18313171641256867,-0.28402834121829734,-0.26345118805379836,-0.33132825753116646,-0.42383571950024923,0.3429250057415062,0.5196319580165574,0.5950245177962236,0.6398778458497789,0.4140358518443275,-0.37437890154917963,0.46388229838334716,0.45969029156515834,0.37695766690411336,-0.37179205428826095,-0.27844495178847045,-0.32488754093885963,0.32991210816766814,-0.13301849251863399,0.0831608011435981,0.04348715944931768,-0.2646919263870712,-0.3980171128303317,-0.876522214210716,0.92566939082244,0.9152159588918434,0.13733567535935015,0.21763260459901004,0.2263166790492917,0.042271510174980355,0.9422837443038654,0.9195991322159986,-0.2957073735572298,0.4582850128364764,0.23461076930442776,0.471675529660071,0.4708988893808065,0.30726089085005714,-0.7363922828807009,0.12563238047000355,0.6419563298880686,0.7417619277891778,-0.1739358105015516,-0.37703442505831364,0.08492924927676106,0.49294371451024627,0.42364214001029227,0.025568660192613172,-0.25945512236587037,-0.19019287280509392,0.3828800691479031,0.38457259554252304
Off Yards/Play,0.6515450471872123,-0.6497935647789936,0.54683526738223,0.648545245751551,-0.873235901970321,0.5150471148140278,0.9118316432127221,1.0,0.8776715267437752,0.9183814657791597,-0.18552456317731666,0.3378544052974753,0.0008991227898035856,-0.22460331988333543,-0.22749078190404123,-0.24270281559497414,-0.20963011425695477,-0.7898107751959985,0.4603313876329658,0.5729184245335778,0.19084990736770846,0.8292564252063288,0.1379039088333394,-0.07131695656813679,0.19226669330694232,0.21092872329823725,0.11991757252940866,-0.36534418806976837,0.06580465437325286,-0.16655472900333096,0.3603574125088424,-0.13674474354622776,0.16603182808271935,0.31355106165361124,-0.1381875338265078,-0.1254891201253689,0.3007846203930872,0.43087155768323754,0.25857379653010387,0.10726851170767782,-0.0761805189338136,-0.08964786778625271,-0.11548569994674343,-0.06177848837898905,0.07996375017614248,0.07437653370324172,-0.5766572323270537,0.23253716175642822,0.3844332307112614,-0.29083384611882335,0.6417140949696756,0.7939021167313474,0.5099152425875201,0.7397514655443693,0.5669015081886418,-0.05917851658851554,0.27441388458744087,0.42794858755312315,0.15888599909501147,-0.14516691366218062,-0.2978199440239692,-0.19004473187488194,-0.0637921375564926,0.1333158375107573,0.22180833283253445,0.2857272929122959,0.12926290818153924,-0.02758444646858698,0.2017079072041138,0.19516331441246765,0.13557219513054278,0.05814596840291356,0.0746836648633775,-0.46752682495562753,-0.2693736735122345,-0.019378508227581824,0.06836291918555973,-0.06445626203975735,-0.2443036517216086,-0.1755835719305231,-0.24947257405906767,0.039300565943966255,-0.230377098686281,-0.06504002744146344,-0.4613239830673149,0.714482061164316,0.5523940091442555,0.5990785329001375,0.13610336417258448,0.7462936286008528,0.4772323095493758,-0.22699852541676496,0.02685528354883447,-0.12836639782093373,-0.17540299892515485,-0.2100363420458806,-0.24216457973308517,-0.41695733431478216,0.21438889467601577,0.4834112515245389,0.6586961572131503,0.5959951467885296,0.4102108769535649,-0.2789268830102281,0.339385973216748,0.35003935856402013,0.27263790256416603,-0.2963486987720558,-0.24270281559497414,-0.28499752406822726,0.2570048726117619,-0.06963701919889569,0.07604191284566222,0.016565010065617333,-0.23128013956452473,-0.32982374728946884,-0.8432612012317106,0.8694909821337716,0.8505491526019476,0.11777881936961311,0.16446989265707257,0.12839239289429358,0.0035532274534667845,0.8703335326267578,0.8836413583016629,-0.17407441625309505,0.31550004294231,0.14279946493867127,0.34565917787207395,0.31756002402336597,0.18776637620970568,-0.6749372139022233,-0.2184156762346692,0.42200400674911326,0.6885290194284726,-0.13243321239625822,-0.32185425235193704,0.024240263738294018,0.37404160213209886,0.2970222240449167,0.003668027059992833,-0.29083384611882335,-0.2293509875365092,0.3267701136603266,0.3313772547363547
Off TDs,0.7743862089328505,-0.7595591992051831,0.69208296241834,0.7595379303920083,-0.8306711199820166,0.7109306004739548,0.9313863562263011,0.8776715267437752,1.0,0.8749202520750562,-0.3097213408062625,0.4397410565694544,-0.06412407630760739,-0.35812719858305553,-0.2873869011196692,-0.3039140649947277,-0.32176300729365426,-0.8529356186627391,0.5918566961811662,0.5340098730334183,0.22683047625350106,0.8980971430166286,0.09726111705606623,-0.13152468163457606,0.17918541313319894,0.25255242522506677,0.07756252695542419,-0.43808400624288735,0.17432924009203077,-0.06381998429139824,0.4384826126457955,-0.19541537691713368,0.2255101541079676,0.43478570111100895,-0.19539247505552343,-0.1382105142806675,0.3516604907112264,0.460668480702206,0.2975208528912995,0.11030950341176188,-0.1104442691802697,-0.1513388649151427,-0.11264819809676313,-0.03111892147607609,0.09587442705448698,0.13876121204709743,-0.4768847936752274,0.21145005870639075,0.35022141291928216,-0.3452855453381988,0.5802992018238646,0.7075348899858256,0.4558762897348945,0.7761739972781424,0.45986671300332527,-0.13305911301042417,0.2690351314593669,0.4919438099115312,0.1354716286614205,-0.18972652037539683,-0.3821489385721129,-0.21558943885404522,-0.14679286789754747,0.12435570845673599,0.2693719299018926,0.31835559262367463,0.12036929387577638,-0.041198305615996876,0.3324483462109047,0.26260677820456696,0.08164550045056235,0.05244395665279145,0.03611229604154174,-0.43458873894471917,-0.2702217342652008,-0.08406097374396665,0.04031759266906592,-0.1387004767151132,-0.2831208243126539,-0.2460914150131542,-0.27508139703923273,0.04930249193477621,-0.29197492502203254,-0.15746318577469792,-0.4824961032805604,0.8265602359045069,0.7093715701795829,0.6609983650693766,0.05108804416644399,0.8512441598256899,0.4889721057692154,-0.3403026544967238,0.10075904301375635,-0.1947720470383117,-0.3035023176156858,-0.2609465078415414,-0.3331521308082443,-0.4981828226301881,0.40543233812559365,0.5853047834784638,0.6386227551972086,0.749121981413651,0.48711347978346103,-0.3905323364941052,0.482737222015729,0.47841128937596716,0.3988070219505005,-0.4007555150756078,-0.3039140649947277,-0.3530471808565234,0.33403536690731855,-0.1341479557359925,0.06435884595840058,0.016030274974743065,-0.2938655620311373,-0.4145137986570235,-0.9298435183398219,0.9930454147525275,0.9718993825322711,0.1581291680443351,0.2203290608304802,0.03218722270329757,0.05697496242646945,0.9779278613248982,0.966020944214485,-0.3326654089671219,0.4754664248648407,0.26835493507311586,0.4945793760769071,0.49738325147993157,0.34544407576628217,-0.7240530629771076,0.016740343459546746,0.5794600112883022,0.7329696430823016,-0.14776935279569803,-0.458801990449559,0.1889266063210206,0.481053101831783,0.4778735279929048,0.005149484051878442,-0.3452855453381988,-0.2717777710579505,0.46666813475362434,0.46511179353466153
Off Yards per Game,0.613810654582363,-0.6220712098257309,0.4823911200412906,0.6167474403496853,-0.9653033481958228,0.7257346204205032,0.9536352498587812,0.9183814657791597,0.8749202520750562,1.0,-0.11270892462646172,0.3800147489756276,0.057730448961321235,-0.19162112332616205,-0.1715839835193262,-0.18265240570896638,-0.1373450242606581,-0.8766358365796898,0.47234452590266024,0.651505345625919,0.2538417319098139,0.9105779812428247,0.15947945852132403,-0.09328558709966023,0.23841446555045778,0.23406851077188645,0.13820851339684706,-0.36786313849778396,0.1463574296012119,-0.05569759672874749,0.36525551521153043,-0.1621396146350085,0.16129285665754242,0.3189036832153689,-0.16208644623209198,-0.05641749230670944,0.3391818790782817,0.4088447576737574,0.30830450428522593,0.1548411367459958,-0.012485512029020077,-0.07140321548125257,-0.08047963019657561,-0.03980846946903119,0.0770944410173519,0.048005851297209676,-0.6676481181125005,0.37307084919945327,0.494149370811715,-0.25467449066307274,0.7024411189873946,0.6979365115563915,0.39691983373941714,0.7586367822578676,0.649723465152871,0.0328181771992657,0.3009624903477839,0.4647368505359241,0.23586686844294186,-0.08487266330603159,-0.25346160756100566,-0.11378559226292775,0.03445489808018379,0.19104013186740643,0.26904153028095384,0.322808399830948,0.19361044928724766,-0.00749610179925789,0.22562627120688838,0.17060039726099374,0.08416335843539004,0.03156537855821676,0.12543296648922755,-0.4519042365304019,-0.21577953633370434,-0.016170217033739307,0.12274772062062021,-0.023374891962351766,-0.22693663559588517,-0.16427529665945373,-0.2557135186006489,0.08526895554367435,-0.20479784383616342,-0.043356245344468074,-0.4205429200785463,0.7679947243526423,0.5258379624830647,0.6312323877379592,0.21859929241161358,0.7779286342944871,0.45150875892008663,-0.20538757281113315,0.04701128770328819,-0.11640770708104614,-0.16983095300678702,-0.17547116453308095,-0.218867435865834,-0.4249100618970075,0.2566847825257158,0.46745764639352794,0.5955391017409237,0.571849368405087,0.40765981973379445,-0.28610447426347474,0.3437784138341616,0.3418310325014512,0.29198890072475575,-0.22428185252164168,-0.18265240570896638,-0.2384280649278224,0.34449670568262225,-0.11130332021819146,0.0967109356468681,0.08223386042448858,-0.16663477914410488,-0.25892018970930913,-0.859752619989048,0.8599812840246229,0.8438948091543368,0.14445844024330384,0.18808014289865183,0.18849204561522062,0.0007622922231683014,0.8711677699762388,0.9020666439159742,-0.23642553485727846,0.35659847483958895,0.15603229778319108,0.3471032744687481,0.3570265893854888,0.25432603426882366,-0.7095295293125269,0.05689381271995384,0.5915832205776722,0.7224748966983091,-0.09099748751845976,-0.33792502641478894,0.03461396952475801,0.41347644984423304,0.3330884944762085,-0.00027125996126501684,-0.25467449066307274,-0.20308744288849065,0.3335724938291345,0.3381219520031705
Def Rank,-0.649593471774254,0.6470730513460632,-0.5477575328833039,-0.6498306457027387,0.045476968104448914,-0.3095553962985218,-0.2705367469424478,-0.18552456317731666,-0.3097213408062625,-0.11270892462646172,1.0,0.14446798707819405,0.9024696186196485,0.8849885901838037,0.8403978932829165,0.8255572740860264,0.9870513022627062,0.2886052700111296,-0.36124118580211717,-0.049122662566138564,-0.0730606449524348,-0.31321061236185843,0.7138618588150453,0.6678070385288392,0.4468597698692701,-0.1872015002078038,0.72680022502594,0.2863257005430907,-0.08252270596083734,0.10625755603732846,-0.28476920240430525,0.27567610980746077,0.054668619361954295,-0.1621563365005253,0.2856641629146262,0.2209646778166496,-0.036019607526333514,-0.33816816174971703,0.010971559682484998,0.10797787602613058,0.20713962818543846,0.014195239593379814,0.5087068819904558,0.4119176468988892,-0.038754512796820656,-0.06359347426408245,-0.031225213059001944,0.13934493854576868,0.06966534585381623,0.30750084991826493,-0.03628020624317912,-0.2986806123704925,-0.25849778274042123,-0.09415643161110568,0.08898015568281227,0.7177164331648982,0.18645995714467611,-0.15616326490634436,0.5224666828558915,0.5747027951649321,0.7642422467543175,0.5289592477982312,0.716552180684759,0.04622462697058161,-0.0793451078040873,-0.10027311211153268,0.06410665592049167,0.10790130257844613,-0.45109762540964504,-0.4006142232879128,-0.14384906565460814,-0.1008267820574135,0.07552002196038399,0.13444532273820106,0.15127952517654392,0.18894154957218942,0.09134872760449766,0.4039640898170828,0.7326001919929577,0.735667836187866,0.32438649813255904,0.11296980087048214,0.7611906456039722,0.388764532139574,0.25605020027215575,-0.3876820986355706,-0.4280602643184403,-0.11502713813552809,-0.19790277512808588,-0.41569860139017883,-0.2663136088045766,0.8242910265690995,0.3545172867689662,0.7606289632981487,0.792018394693353,0.7493018738118495,0.8115596399308453,0.1857133218434647,-0.40790894428935054,-0.33105715228319355,-0.15404109419477563,-0.3856621892369432,-0.24081050972839657,0.5400997928270573,-0.584288630269121,-0.5974181411634123,-0.5348407438918749,0.8938642208870643,0.8255572740860264,0.8005310058674456,0.04561979485693843,0.1660844633121147,0.13571746344658772,0.058415430902060105,0.8497852427918345,0.8753429615555143,0.2754257859975067,-0.3407081498414159,-0.36596355027207245,0.08532952670456978,-0.01655885990861766,-0.24362737654180786,-0.01251588935862926,-0.3718790113585241,-0.29883376135635087,0.3457756328169044,-0.39486254737396526,-0.33591197696453146,-0.5616584906109028,-0.45307593679484687,-0.3437875255591921,0.2718100037252772,-0.10891645777690921,-0.26664274812224964,-0.2852686567341731,0.5272805801380455,0.29791007039906686,-0.15628520177948135,-0.3461133167636777,-0.356196096630019,-0.11939284748670337,0.30750084991826493,0.16782314544595622,-0.326729243364676,-0.32266329125299986
Def Plays,0.4099897086016997,-0.35230935283266157,0.5312027055864197,0.37850435641080094,-0.3802611679534413,0.5176529716259617,0.47747635823452256,0.3378544052974753,0.4397410565694544,0.3800147489756276,0.14446798707819405,1.0,0.42888249562077974,-0.18717475506648293,0.027649996668250444,0.011100353173086218,0.15151796610273557,-0.42206432944929206,0.04050290798260606,0.4368854771764979,0.29117745582609256,0.42513986217227123,0.6575677298846888,0.3502731155474299,0.49839642526720795,0.3934006569158699,0.66914611120213,0.07404404375654816,-0.1862996608297684,-0.18373866983687567,-0.08333850366010322,-0.02800764763184088,0.35696823762359725,0.4889914659164517,-0.06683029545881183,-0.027336733343389517,0.14829287360437746,0.27816628024028667,0.12485272584388717,0.03624412230701077,-0.019944835674924388,-0.2743294382397114,0.2674631206793675,0.30836595036010117,0.050989109939645436,0.2600121195018259,-0.40299339677807955,0.42201300369187283,0.4094278263776909,0.04268472927214644,0.4961323302947663,0.17545363351244267,0.034461156385788234,0.4994129125380252,0.40906782358331767,0.20787724575528121,0.5536020440614361,0.6809834183565374,0.4317565987246644,0.02864516004077737,-0.23655303833336158,-0.16886274354554848,0.18425221106059345,0.2524682907380584,0.44063043274133,0.41605866077512305,0.2735558125515423,-0.12233538050919288,0.2580795706911735,0.21296250013373466,0.025884972440723478,0.06353563884441428,0.07498929580425168,0.027176511327856225,0.04887088122905572,-0.054288267606705715,0.08838850221429005,-0.08288144446924926,0.3154928435287461,0.07105730282658221,0.06615524941784172,0.35786739047590693,0.23740193752067804,-0.08897873940840388,-0.09531128037669273,0.35331992997523126,0.09974898739317578,0.38633848052468434,0.11215713783618786,0.3242685857967783,0.09454294916053928,0.06983774921417199,0.6718667766935748,0.2118870907755853,-0.10414479023840607,0.017908690828948623,0.06583283427752652,-0.03828103965607909,0.027207337028163248,0.058214746445341324,0.11003992077261414,0.1633203576609252,-0.03986304016263895,-0.2250481880711055,0.27809725322384143,0.23332230026866288,0.2087710293437924,-0.06177435874037855,0.011100353173086218,-0.024131608537077576,0.19513934429654997,0.10698561429691676,0.36332391788365365,-0.004280325983779899,0.06839378301851139,-0.06549275305208056,-0.38123258413997413,0.43811902964872645,0.44064742409959473,0.09152773896634475,0.13258807800340916,0.1521785979686521,0.14507019609703675,0.45577147573050997,0.3999022952343325,-0.31665360142566346,0.43396445232721365,0.19053793158870852,0.32440726288343386,0.43471677084799903,0.32787536153084357,-0.21067847084712668,0.3737729835676088,0.33740031181652524,0.18220028632588056,0.460382962243742,-0.28234208832263535,0.22805029713028835,0.35781901154868245,0.40864624343214323,-0.09256120245080615,0.04268472927214644,-0.025824683221647,0.2735558189336273,0.2734565703731579
