,Win,Loss,Games,Win Pct,Off Rank,Off Plays,Off Yards,Off Yards/Play,Off TDs,Off Yards per Game,Def Rank,Def Plays,Yards Allowed,Yards/Play Allowed,Off TDs Allowed,Total TDs Allowed,Yards Per Game Allowed,First Down Rank,First Down Runs,First Down Passes,First Down Penalties,First Downs,First Down Def Rank,Opp First Down Runs,Opp First Down Passes,Opp First Down Penalties,Opp First Downs,4th Down Rank,4th Attempts,4th Conversions,4th Percent,4rd Down Def Rank,Opp 4th Conversion,Opp 4th Attempt,Opponent 4th Percent,Kickoff Return Def Rank,Opp Kickoff Returns,Kickoff Touchbacks,Opponent Kickoff Return Yards,Opp Kickoff Return Touchdowns Allowed,Avg Yards per Kickoff Return Allowed,Kickoff Return Rank,Kickoffs Returned,Kickoff Return Yards,Kickoff Return Touchdowns,Avg Yard per Kickoff Return,Passing Off Rank,Pass Attempts,Pass Completions,Interceptions Thrown.x,Pass Yards,Pass Yards/Attempt,Yards/Completion,Pass Touchdowns,Pass Yards Per Game,Pass Def Rank,Opp Completions Allowed,Opp Pass Attempts,Opp Pass Yds Allowed,Opp Pass TDs Allowed,Yards/Attempt Allowed,Yards/Completion Allowed,Pass Yards Per Game Allowed,Penalty Rank,Penalties,Penalty Yards,Penalty Yards Per Game,Punt Return Rank,Punt Returns,Net Punt Return Yards,Punt Return Touchdowns,Avg Yards Per Punt Return,Punt Return Def Rank,Opp Punt Returns,Opp Net Punt Return Yards,Opp Punt Return Touchdowns Allowed,Avg Yards Allowed per Punt Return,Redzone Def Rank,Opp Redzone Attempts,Opp Redzone Rush TD Allowed,Opp Redzone Pass Touchdowns Allowed,Opp Redzone Field Goals Made,Opp Redzone Scores,Redzone Points Allowed,Redzone Off Rank,Redzone Attempts,Redzone Rush TD,Redzone Pass TD,Redzone Field Goals Made,Redzone Scores,Redzone Points,Rushing Def Rank,Opp Rush Attempts,Opp Rush Yards Alloweed,Yds/Rush Allowed,Opp Rush Touchdowns Allowed,Rush Yards Per Game Allowed,Rushing Off Rank,Rush Attempts,Rush Yds,Yards/Rush,Rushing TD,Rushing Yards per Game,Sack Rank,Sacks,Sack Yards,Average Sacks per Game,Scoring Def Rank,Touchdowns Allowed,Opponent Extra Points,2 Point Conversions Allowed,Opp Deflected Extra Points,Opp Feild Goals Made,Opp Safety,Points Allowed,Avg Points per Game Allowed,Scoring Off Rank,Touchdowns,PAT,2 Point Conversions,Defensive Points,Feild Goals,Safety,Total Points,Points Per Game,Tackle for Loss Rank,Solo Tackle For Loss,Assist Tackle For Loss,Tackle for Loss Yards,Total Tackle For Loss,Tackle For Loss Per Game,3rd Down Rank,3rd Attempts,3rd Conversions,3rd Percent,Time of Possession Rank,Turnover Rank,Fumbles Recovered,Opponents Intercepted,Turnovers Gain,Fumbles Lost,Interceptions Thrown.y,Turnovers Lost,Turnover Margin,Avg Turnover Margin per Game
Win,1,-0.988655461,0.867916289,0.99446111,-0.547510013,0.715854706,0.773413002,0.651545047,0.774386209,0.613810655,-0.649593472,0.409989709,-0.367940875,-0.668827249,-0.602171385,-0.623597436,-0.654919047,-0.734900313,0.541772402,0.421182816,0.195352136,0.76517728,-0.139975734,-0.376788424,0.071653535,0.292394623,-0.16133682,-0.399008923,0.038510144,-0.21766313,0.389119764,-0.328042798,0.186432386,0.505544349,-0.355774414,-0.247018092,0.227657794,0.554581581,0.157465913,-0.023833391,-0.217388702,-0.152266376,-0.281678645,-0.169374585,0.158089351,0.174070207,-0.33116785,0.133337098,0.256789007,-0.370948485,0.455915863,0.63103572,0.415757168,0.568529976,0.289186086,-0.33865019,0.253571435,0.590343849,-0.002728017,-0.369579531,-0.637192301,-0.388896455,-0.354598918,0.060281261,0.266284921,0.298567273,0.044160626,-0.1020744,0.498308972,0.399965371,0.161825984,0.072736608,-0.018464512,-0.298646702,-0.233735376,-0.196889833,-0.035982756,-0.362425813,-0.511207442,-0.552242463,-0.308380542,0.012944801,-0.55866657,-0.353767574,-0.480288443,0.733190762,0.618333749,0.494904208,0.248046362,0.771867857,0.495208718,-0.641987487,-0.039246886,-0.481568067,-0.612193027,-0.566136819,-0.63401647,-0.36651654,0.487804019,0.517634377,0.437717447,0.614284601,0.38187527,-0.587643537,0.67417767,0.676183548,0.578881755,-0.740313543,-0.623597436,-0.631395864,0.159313769,-0.162653917,-0.018725045,-0.037987328,-0.627611265,-0.753355117,-0.734829437,0.800131733,0.81161642,0.056085382,0.213257358,0.329340147,0.016782765,0.836112071,0.763336411,-0.40335092,0.554609846,0.361111178,0.67614609,0.597194482,0.408175603,-0.64528103,0.236045043,0.619896791,0.649799459,-0.347587414,-0.517908614,0.230568545,0.569342329,0.569813833,-0.015864528,-0.370948485,-0.305808697,0.545360189,0.544279341
Loss,-0.988655461,1,-0.7834637,-0.996527657,0.555317406,-0.676845842,-0.75021904,-0.649793565,-0.759559199,-0.62207121,0.647073051,-0.352309353,0.406359024,0.673249944,0.632015413,0.652252915,0.654612979,0.713555834,-0.53628829,-0.39542595,-0.191289225,-0.739583716,0.18224984,0.410485551,-0.048514793,-0.255517029,0.209998664,0.417363797,-0.055009055,0.211233456,-0.409616647,0.331716531,-0.171161293,-0.482206589,0.362852618,0.256129624,-0.239166454,-0.522798319,-0.167259146,0.000556605,0.223478515,0.129154037,0.313829911,0.205377464,-0.16324889,-0.149535853,0.338045419,-0.109556947,-0.235690887,0.406762789,-0.434924208,-0.640722396,-0.427102196,-0.561720842,-0.288945091,0.329643178,-0.232760652,-0.5617087,0.027127359,0.397679502,0.638366411,0.396603457,0.342998357,-0.040735087,-0.220095412,-0.254467297,-0.024415327,0.096316595,-0.470407585,-0.389902604,-0.160799734,-0.072882535,0.035618067,0.303225797,0.24189118,0.185354712,0.055260369,0.368465199,0.550119465,0.572500149,0.343080979,0.002557887,0.596459136,0.360841483,0.492455924,-0.711250088,-0.6011702,-0.484268062,-0.246891806,-0.754324117,-0.506032685,0.649749191,0.088766325,0.512188581,0.623052128,0.587418566,0.64274524,0.377704026,-0.477733605,-0.511021928,-0.437151729,-0.59824031,-0.391982524,0.592969294,-0.663657774,-0.669760638,-0.58413375,0.744420683,0.652252915,0.65840471,-0.148986441,0.163702285,0.033687993,0.032868573,0.658698837,0.761733663,0.739140877,-0.78524843,-0.797891254,-0.049243437,-0.203723423,-0.329672015,0.010589801,-0.821309873,-0.76964272,0.402746389,-0.533887994,-0.347916443,-0.664234899,-0.574986817,-0.411276036,0.647093413,-0.21560384,-0.614344408,-0.658009313,0.338865367,0.541571546,-0.228460245,-0.560767524,-0.562061072,0.044501772,0.406762789,0.352855571,-0.569051205,-0.568118265
Games,0.867916289,-0.7834637,1,0.818966744,-0.428833643,0.723447031,0.718944064,0.546835267,0.692082962,0.48239112,-0.547757533,0.531202706,-0.178490563,-0.540768598,-0.401349994,-0.423072683,-0.544857098,-0.680846932,0.468023725,0.43492747,0.175656386,0.720040525,0.023563275,-0.201449845,0.136020216,0.364757627,0.026949076,-0.270638109,-0.022582555,-0.202010249,0.255342592,-0.260257899,0.205314533,0.4969814,-0.272027761,-0.174992329,0.150988309,0.565630947,0.098373814,-0.096766865,-0.16038081,-0.202873824,-0.127582778,-0.021588294,0.114215001,0.225682292,-0.252257959,0.189363382,0.283008482,-0.189598919,0.448011398,0.49197868,0.307727197,0.494625029,0.240937162,-0.311001114,0.279386398,0.584917229,0.078422521,-0.213973199,-0.525241899,-0.297452898,-0.332821725,0.114696165,0.373870341,0.393767592,0.101968086,-0.103803488,0.506064915,0.365408602,0.137774114,0.059917923,0.041393339,-0.23285337,-0.167122922,-0.201643655,0.03387038,-0.280986424,-0.295825933,-0.391590737,-0.141326008,0.062016277,-0.338938015,-0.270375483,-0.358594162,0.681398918,0.570223822,0.446141985,0.209795845,0.698975862,0.375426922,-0.507438855,0.131168626,-0.298633152,-0.472454532,-0.399742077,-0.497621662,-0.267358755,0.438375127,0.451710878,0.365351488,0.563160061,0.283684945,-0.470367226,0.594626274,0.582743352,0.46333537,-0.601174365,-0.423072683,-0.434993866,0.166446345,-0.131600933,0.033932724,-0.048472252,-0.418362911,-0.597878682,-0.595944746,0.71364821,0.719355174,0.069199413,0.208617388,0.272386663,0.104456639,0.74325808,0.613019979,-0.336941869,0.529074673,0.343501391,0.600861822,0.569350507,0.328696085,-0.529848035,0.263610287,0.53312401,0.512443898,-0.317480214,-0.351818859,0.198436259,0.501138627,0.498811688,0.081528571,-0.189598919,-0.098361066,0.37452178,0.373135116
Win Pct,0.99446111,-0.996527657,0.818966744,1,-0.552638769,0.693641117,0.75611358,0.648545246,0.75953793,0.61674744,-0.649830646,0.378504356,-0.389380973,-0.673199012,-0.622801952,-0.644046961,-0.655969377,-0.726556775,0.539193484,0.402619904,0.190093906,0.747426196,-0.162295585,-0.394426036,0.06120925,0.268451226,-0.186932,-0.408955406,0.054279582,-0.208277395,0.399987773,-0.325668319,0.186680964,0.498525431,-0.35590974,-0.248650904,0.238782614,0.529155782,0.169087299,-0.003516267,-0.217327271,-0.137434559,-0.302563549,-0.191493457,0.163472132,0.159996934,-0.335356715,0.114575852,0.239518337,-0.392747534,0.43923662,0.639351878,0.429094319,0.55536929,0.285971912,-0.329456437,0.246350744,0.576089353,-0.01214574,-0.384156089,-0.637535126,-0.39321351,-0.344668766,0.043951976,0.237941958,0.268800971,0.028569419,-0.10169683,0.479594908,0.395631313,0.15551659,0.076285955,-0.026418384,-0.297813093,-0.234580015,-0.195820358,-0.045637206,-0.364654951,-0.532006056,-0.567568329,-0.326814493,0.011967645,-0.579163051,-0.355667576,-0.489444852,0.721316784,0.610099965,0.479780667,0.256825967,0.761270638,0.505000407,-0.648874565,-0.067669526,-0.502080095,-0.622514334,-0.584206656,-0.643336899,-0.371852814,0.487288151,0.513947218,0.433886403,0.604880066,0.389232129,-0.596201758,0.672025098,0.674958857,0.587794623,-0.748112957,-0.644046961,-0.651681921,0.150862485,-0.16697987,-0.018749125,-0.032887815,-0.648311358,-0.762870001,-0.739036444,0.785553118,0.796843206,0.053881855,0.206752088,0.339349122,-0.0016554,0.823085903,0.765008399,-0.404798308,0.542540553,0.356484532,0.669864794,0.585342299,0.412424759,-0.648467253,0.229226513,0.619990605,0.656247819,-0.347131453,-0.533343185,0.237009984,0.562603282,0.568642697,-0.024615738,-0.392747534,-0.328834098,0.558610194,0.559680506
Off Rank,-0.547510013,0.555317406,-0.428833643,-0.552638769,1,-0.690523047,-0.905436921,-0.873235902,-0.83067112,-0.965303348,0.045476968,-0.380261168,-0.117840809,0.130706471,0.110576568,0.118157552,0.067772558,0.880611283,-0.449492141,-0.61782439,-0.215805534,-0.861359549,-0.202154594,0.035638126,-0.262253867,-0.186347801,-0.183843987,0.330286593,-0.168274187,0.011603024,-0.335077886,0.159851956,-0.148648636,-0.301025133,0.162015199,0.053925682,-0.385859591,-0.305921089,-0.357280671,-0.197059932,0.009651826,0.114012665,0.014808482,-0.031025893,-0.086771284,-0.083316258,0.649101048,-0.350411901,-0.462778543,0.234430395,-0.661654338,-0.67171221,-0.389551735,-0.707643916,-0.621094093,-0.079853495,-0.318695105,-0.432399317,-0.262949928,0.039221217,0.186926923,0.092919098,-0.079006799,-0.182644868,-0.241775203,-0.292345301,-0.178981349,-0.064693842,-0.180995734,-0.094792474,0.002963441,0.040615978,-0.095174308,0.430716074,0.213768213,0.024841591,-0.096555881,-0.014410231,0.163572061,0.115956157,0.221286034,-0.110252373,0.141421437,0.010546638,0.395657934,-0.713753172,-0.503833835,-0.583122034,-0.182475335,-0.72309971,-0.419635033,0.138476551,-0.080053858,0.059453062,0.119491551,0.123800041,0.156989403,0.424388335,-0.248788116,-0.45026501,-0.565283121,-0.556191831,-0.400809992,0.227530014,-0.277046379,-0.257270211,-0.230010239,0.155904231,0.118157552,0.176621962,-0.353537559,0.128990906,-0.115381661,-0.077437482,0.099250934,0.188997009,0.865723545,-0.813150299,-0.796594773,-0.161509156,-0.203142267,-0.122370783,0.017851565,-0.815548312,-0.853910455,0.199926572,-0.295771597,-0.128504719,-0.257863586,-0.295803784,-0.203819042,0.707772675,-0.065382608,-0.585770306,-0.707090956,0.054542734,0.308986835,-0.031026316,-0.388771006,-0.312262817,-0.021580054,0.234430395,0.172832733,-0.302049796,-0.307953191
Off Plays,0.715854706,-0.676845842,0.723447031,0.693641117,-0.690523047,1,0.816111384,0.515047115,0.7109306,0.72573462,-0.309555396,0.517652972,-0.033043443,-0.378358004,-0.249646059,-0.262734149,-0.314061855,-0.834240839,0.471329115,0.591261791,0.274516833,0.863310036,0.080621271,-0.206951649,0.222507477,0.342755934,0.071278583,-0.300783684,0.147430054,0.009402178,0.292590024,-0.264815618,0.175554068,0.435641259,-0.270327746,-0.041080214,0.260397828,0.460671043,0.231567369,0.043593135,-0.024843441,-0.123686475,-0.068592447,-0.004241967,0.097360845,0.122141806,-0.48853067,0.433703165,0.488557017,-0.147441051,0.586073394,0.394330702,0.155725012,0.572501826,0.462118711,-0.073035874,0.313819841,0.584329228,0.227050506,-0.08402772,-0.372380387,-0.130797822,-0.079118351,0.210750008,0.397317161,0.409257743,0.213395141,-0.04960708,0.447174404,0.27110953,0.0555086,0.02058779,0.138502799,-0.262093307,-0.096806429,-0.141657589,0.134793187,-0.147487987,-0.249111345,-0.30668381,-0.178347538,0.127992866,-0.261793713,-0.172184962,-0.309169289,0.760233102,0.504429709,0.525607417,0.32391315,0.743658179,0.353020026,-0.38202841,0.113327086,-0.228574598,-0.364726107,-0.282631872,-0.375844723,-0.314086166,0.434031911,0.41839129,0.330574958,0.510830246,0.307073334,-0.416967548,0.512254849,0.486497945,0.431214957,-0.379134285,-0.262734149,-0.304662629,0.318542061,-0.17191739,0.083333182,0.089821881,-0.24810827,-0.386674352,-0.66916253,0.712857599,0.716262382,0.121047954,0.228088785,0.328697035,0.054982834,0.751396994,0.697638688,-0.383010546,0.513822556,0.293488305,0.509290513,0.538740888,0.384948599,-0.61607993,0.593267252,0.780395616,0.609880145,-0.197591888,-0.358662191,0.170163702,0.517100129,0.493674986,0.048991817,-0.147441051,-0.085804288,0.363651554,0.364384275
Off Yards,0.773413002,-0.75021904,0.718944064,0.75611358,-0.905436921,0.816111384,1,0.911831643,0.931386356,0.95363525,-0.270536747,0.477476358,-0.011505974,-0.328379869,-0.26300355,-0.278444952,-0.289036944,-0.91757857,0.529817816,0.666326332,0.260043747,0.965422153,0.135632831,-0.136762252,0.231158275,0.308952868,0.120233428,-0.381324504,0.103672318,-0.114287599,0.373105236,-0.21810609,0.187128029,0.409770525,-0.22050962,-0.107902869,0.31569358,0.517686379,0.271941848,0.082961845,-0.069623849,-0.125486447,-0.10297798,-0.036226888,0.0923386,0.112743632,-0.612520738,0.365245452,0.492915478,-0.259455122,0.712406295,0.713965047,0.409769733,0.777975321,0.59854419,-0.083977233,0.322973848,0.55614292,0.206048597,-0.138048556,-0.37437478,-0.187571604,-0.091219968,0.1932927,0.340636701,0.391217521,0.190297179,-0.037420534,0.350972865,0.25424069,0.11677072,0.041308867,0.114267898,-0.439177441,-0.230060046,-0.074741809,0.109495705,-0.112671569,-0.274086421,-0.252751194,-0.248502516,0.082075033,-0.271208184,-0.125585785,-0.445719081,0.833362664,0.602765656,0.659257867,0.228550683,0.847254061,0.473725679,-0.325586103,0.087169908,-0.183131716,-0.284028341,-0.263451188,-0.331328258,-0.42383572,0.342925006,0.519631958,0.595024518,0.639877846,0.414035852,-0.374378902,0.463882298,0.459690292,0.376957667,-0.371792054,-0.278444952,-0.324887541,0.329912108,-0.133018493,0.083160801,0.043487159,-0.264691926,-0.398017113,-0.876522214,0.925669391,0.915215959,0.137335675,0.217632605,0.226316679,0.04227151,0.942283744,0.919599132,-0.295707374,0.458285013,0.234610769,0.47167553,0.470898889,0.307260891,-0.736392283,0.12563238,0.64195633,0.741761928,-0.173935811,-0.377034425,0.084929249,0.492943715,0.42364214,0.02556866,-0.259455122,-0.190192873,0.382880069,0.384572596
Off Yards/Play,0.651545047,-0.649793565,0.546835267,0.648545246,-0.873235902,0.515047115,0.911831643,1,0.877671527,0.918381466,-0.185524563,0.337854405,0.000899123,-0.22460332,-0.227490782,-0.242702816,-0.209630114,-0.789810775,0.460331388,0.572918425,0.190849907,0.829256425,0.137903909,-0.071316957,0.192266693,0.210928723,0.119917573,-0.365344188,0.065804654,-0.166554729,0.360357413,-0.136744744,0.166031828,0.313551062,-0.138187534,-0.12548912,0.30078462,0.430871558,0.258573797,0.107268512,-0.076180519,-0.089647868,-0.1154857,-0.061778488,0.07996375,0.074376534,-0.576657232,0.232537162,0.384433231,-0.290833846,0.641714095,0.793902117,0.509915243,0.739751466,0.566901508,-0.059178517,0.274413885,0.427948588,0.158885999,-0.145166914,-0.297819944,-0.190044732,-0.063792138,0.133315838,0.221808333,0.285727293,0.129262908,-0.027584446,0.201707907,0.195163314,0.135572195,0.058145968,0.074683665,-0.467526825,-0.269373674,-0.019378508,0.068362919,-0.064456262,-0.244303652,-0.175583572,-0.249472574,0.039300566,-0.230377099,-0.065040027,-0.461323983,0.714482061,0.552394009,0.599078533,0.136103364,0.746293629,0.47723231,-0.226998525,0.026855284,-0.128366398,-0.175402999,-0.210036342,-0.24216458,-0.416957334,0.214388895,0.483411252,0.658696157,0.595995147,0.410210877,-0.278926883,0.339385973,0.350039359,0.272637903,-0.296348699,-0.242702816,-0.284997524,0.257004873,-0.069637019,0.076041913,0.01656501,-0.23128014,-0.329823747,-0.843261201,0.869490982,0.850549153,0.117778819,0.164469893,0.128392393,0.003553227,0.870333533,0.883641358,-0.174074416,0.315500043,0.142799465,0.345659178,0.317560024,0.187766376,-0.674937214,-0.218415676,0.422004007,0.688529019,-0.132433212,-0.321854252,0.024240264,0.374041602,0.297022224,0.003668027,-0.290833846,-0.229350988,0.326770114,0.331377255
Off TDs,0.774386209,-0.759559199,0.692082962,0.75953793,-0.83067112,0.7109306,0.931386356,0.877671527,1,0.874920252,-0.309721341,0.439741057,-0.064124076,-0.358127199,-0.287386901,-0.303914065,-0.321763007,-0.852935619,0.591856696,0.534009873,0.226830476,0.898097143,0.097261117,-0.131524682,0.179185413,0.252552425,0.077562527,-0.438084006,0.17432924,-0.063819984,0.438482613,-0.195415377,0.225510154,0.434785701,-0.195392475,-0.138210514,0.351660491,0.460668481,0.297520853,0.110309503,-0.110444269,-0.151338865,-0.112648198,-0.031118921,0.095874427,0.138761212,-0.476884794,0.211450059,0.350221413,-0.345285545,0.580299202,0.70753489,0.45587629,0.776173997,0.459866713,-0.133059113,0.269035131,0.49194381,0.135471629,-0.18972652,-0.382148939,-0.215589439,-0.146792868,0.124355708,0.26937193,0.318355593,0.120369294,-0.041198306,0.332448346,0.262606778,0.0816455,0.052443957,0.036112296,-0.434588739,-0.270221734,-0.084060974,0.040317593,-0.138700477,-0.283120824,-0.246091415,-0.275081397,0.049302492,-0.291974925,-0.157463186,-0.482496103,0.826560236,0.70937157,0.660998365,0.051088044,0.85124416,0.488972106,-0.340302654,0.100759043,-0.194772047,-0.303502318,-0.260946508,-0.333152131,-0.498182823,0.405432338,0.585304783,0.638622755,0.749121981,0.48711348,-0.390532336,0.482737222,0.478411289,0.398807022,-0.400755515,-0.303914065,-0.353047181,0.334035367,-0.134147956,0.064358846,0.016030275,-0.293865562,-0.414513799,-0.929843518,0.993045415,0.971899383,0.158129168,0.220329061,0.032187223,0.056974962,0.977927861,0.966020944,-0.332665409,0.475466425,0.268354935,0.494579376,0.497383251,0.345444076,-0.724053063,0.016740343,0.579460011,0.732969643,-0.147769353,-0.45880199,0.188926606,0.481053102,0.477873528,0.005149484,-0.345285545,-0.271777771,0.466668135,0.465111794
Off Yards per Game,0.613810655,-0.62207121,0.48239112,0.61674744,-0.965303348,0.72573462,0.95363525,0.918381466,0.874920252,1,-0.112708925,0.380014749,0.057730449,-0.191621123,-0.171583984,-0.182652406,-0.137345024,-0.876635837,0.472344526,0.651505346,0.253841732,0.910577981,0.159479459,-0.093285587,0.238414466,0.234068511,0.138208513,-0.367863138,0.14635743,-0.055697597,0.365255515,-0.162139615,0.161292857,0.318903683,-0.162086446,-0.056417492,0.339181879,0.408844758,0.308304504,0.154841137,-0.012485512,-0.071403215,-0.08047963,-0.039808469,0.077094441,0.048005851,-0.667648118,0.373070849,0.494149371,-0.254674491,0.702441119,0.697936512,0.396919834,0.758636782,0.649723465,0.032818177,0.30096249,0.464736851,0.235866868,-0.084872663,-0.253461608,-0.113785592,0.034454898,0.191040132,0.26904153,0.3228084,0.193610449,-0.007496102,0.225626271,0.170600397,0.084163358,0.031565379,0.125432966,-0.451904237,-0.215779536,-0.016170217,0.122747721,-0.023374892,-0.226936636,-0.164275297,-0.255713519,0.085268956,-0.204797844,-0.043356245,-0.42054292,0.767994724,0.525837962,0.631232388,0.218599292,0.777928634,0.451508759,-0.205387573,0.047011288,-0.116407707,-0.169830953,-0.175471165,-0.218867436,-0.424910062,0.256684783,0.467457646,0.595539102,0.571849368,0.40765982,-0.286104474,0.343778414,0.341831033,0.291988901,-0.224281853,-0.182652406,-0.238428065,0.344496706,-0.11130332,0.096710936,0.08223386,-0.166634779,-0.25892019,-0.85975262,0.859981284,0.843894809,0.14445844,0.188080143,0.188492046,0.000762292,0.87116777,0.902066644,-0.236425535,0.356598475,0.156032298,0.347103274,0.357026589,0.254326034,-0.709529529,0.056893813,0.591583221,0.722474897,-0.090997488,-0.337925026,0.03461397,0.41347645,0.333088494,-0.00027126,-0.254674491,-0.203087443,0.333572494,0.338121952
Def Rank,-0.649593472,0.647073051,-0.547757533,-0.649830646,0.045476968,-0.309555396,-0.270536747,-0.185524563,-0.309721341,-0.112708925,1,0.144467987,0.902469619,0.88498859,0.840397893,0.825557274,0.987051302,0.28860527,-0.361241186,-0.049122663,-0.073060645,-0.313210612,0.713861859,0.667807039,0.44685977,-0.1872015,0.726800225,0.286325701,-0.082522706,0.106257556,-0.284769202,0.27567611,0.054668619,-0.162156337,0.285664163,0.220964678,-0.036019608,-0.338168162,0.01097156,0.107977876,0.207139628,0.01419524,0.508706882,0.411917647,-0.038754513,-0.063593474,-0.031225213,0.139344939,0.069665346,0.30750085,-0.036280206,-0.298680612,-0.258497783,-0.094156432,0.088980156,0.717716433,0.186459957,-0.156163265,0.522466683,0.574702795,0.764242247,0.528959248,0.716552181,0.046224627,-0.079345108,-0.100273112,0.064106656,0.107901303,-0.451097625,-0.400614223,-0.143849066,-0.100826782,0.075520022,0.134445323,0.151279525,0.18894155,0.091348728,0.40396409,0.732600192,0.735667836,0.324386498,0.112969801,0.761190646,0.388764532,0.2560502,-0.387682099,-0.428060264,-0.115027138,-0.197902775,-0.415698601,-0.266313609,0.824291027,0.354517287,0.760628963,0.792018395,0.749301874,0.81155964,0.185713322,-0.407908944,-0.331057152,-0.154041094,-0.385662189,-0.24081051,0.540099793,-0.58428863,-0.597418141,-0.534840744,0.893864221,0.825557274,0.800531006,0.045619795,0.166084463,0.135717463,0.058415431,0.849785243,0.875342962,0.275425786,-0.34070815,-0.36596355,0.085329527,-0.01655886,-0.243627377,-0.012515889,-0.371879011,-0.298833761,0.345775633,-0.394862547,-0.335911977,-0.561658491,-0.453075937,-0.343787526,0.271810004,-0.108916458,-0.266642748,-0.285268657,0.52728058,0.29791007,-0.156285202,-0.346113317,-0.356196097,-0.119392847,0.30750085,0.167823145,-0.326729243,-0.322663291
Def Plays,0.409989709,-0.352309353,0.531202706,0.378504356,-0.380261168,0.517652972,0.477476358,0.337854405,0.439741057,0.380014749,0.144467987,1,0.428882496,-0.187174755,0.027649997,0.011100353,0.151517966,-0.422064329,0.040502908,0.436885477,0.291177456,0.425139862,0.65756773,0.350273116,0.498396425,0.393400657,0.669146111,0.074044044,-0.186299661,-0.18373867,-0.083338504,-0.028007648,0.356968238,0.488991466,-0.066830295,-0.027336733,0.148292874,0.27816628,0.124852726,0.036244122,-0.019944836,-0.274329438,0.267463121,0.30836595,0.05098911,0.26001212,-0.402993397,0.422013004,0.409427826,0.042684729,0.49613233,0.175453634,0.034461156,0.499412913,0.409067824,0.207877246,0.553602044,0.680983418,0.431756599,0.02864516,-0.236553038,-0.168862744,0.184252211,0.252468291,0.440630433,0.416058661,0.273555813,-0.122335381,0.258079571,0.2129625,0.025884972,0.063535639,0.074989296,0.027176511,0.048870881,-0.054288268,0.088388502,-0.082881444,0.315492844,0.071057303,0.066155249,0.35786739,0.237401938,-0.088978739,-0.09531128,0.35331993,0.099748987,0.386338481,0.112157138,0.324268586,0.094542949,0.069837749,0.671866777,0.211887091,-0.10414479,0.017908691,0.065832834,-0.03828104,0.027207337,0.058214746,0.110039921,0.163320358,-0.03986304,-0.225048188,0.278097253,0.2333223,0.208771029,-0.061774359,0.011100353,-0.024131609,0.195139344,0.106985614,0.363323918,-0.004280326,0.068393783,-0.065492753,-0.381232584,0.43811903,0.440647424,0.091527739,0.132588078,0.152178598,0.145070196,0.455771476,0.399902295,-0.316653601,0.433964452,0.190537932,0.324407263,0.434716771,0.327875362,-0.210678471,0.373772984,0.337400312,0.182200286,0.460382962,-0.282342088,0.228050297,0.357819012,0.408646243,-0.092561202,0.042684729,-0.025824683,0.273555819,0.27345657
Yards Allowed,-0.367940875,0.406359024,-0.178490563,-0.389380973,-0.117840809,-0.033043443,-0.011505974,0.000899123,-0.064124076,0.057730449,0.902469619,0.428882496,1,0.804875219,0.824434574,0.799489956,0.920476514,0.039784604,-0.223441443,0.128076442,-0.025951141,-0.061637995,0.863968286,0.714749097,0.594013485,-0.048077944,0.888256667,0.212607721,-0.092960075,0.052022241,-0.218727981,0.219348175,0.179597725,0.052060442,0.223073271,0.196637474,0.045643103,-0.1591432,0.080715913,0.081536479,0.18373077,-0.088435538,0.590854952,0.52424751,0.011071648,0.044408272,-0.134457902,0.243418554,0.197939218,0.299511249,0.147915197,-0.14114449,-0.161809625,0.091600085,0.196151898,0.694661427,0.337729611,0.076088256,0.649984386,0.586918982,0.669765266,0.503964139,0.681461435,0.130633569,0.094217661,0.083394261,0.142231389,0.053063477,-0.300626921,-0.284801505,-0.068901807,-0.070603036,0.118752937,0.04359246,0.097898686,0.121692486,0.134080341,0.379191059,0.753347825,0.7040057,0.340763197,0.179201823,0.772397424,0.370195899,0.135770285,-0.140933989,-0.240131115,0.055792011,-0.112193606,-0.165755647,-0.136977386,0.734340184,0.506594977,0.784895893,0.732860457,0.719046236,0.746292388,0.116796674,-0.272046224,-0.196042845,-0.042171423,-0.19656371,-0.167063679,0.42460979,-0.429996357,-0.457791788,-0.432419192,0.755656901,0.799489956,0.765015876,0.12605763,0.125903623,0.201728279,0.016047861,0.833854765,0.773016371,0.05748936,-0.087585535,-0.113612866,0.124455814,0.089398219,-0.146272164,0.019312541,-0.108136525,-0.083735114,0.253528219,-0.229886286,-0.245614938,-0.404233171,-0.281491749,-0.265517497,0.085810337,0.021356793,-0.066302089,-0.11170004,0.478199767,0.192832937,-0.088007676,-0.166692402,-0.179290512,-0.101521115,0.299511249,0.17301014,-0.218248696,-0.211483129
Yards/Play Allowed,-0.668827249,0.673249944,-0.540768598,-0.673199012,0.130706471,-0.378358004,-0.328379869,-0.22460332,-0.358127199,-0.191621123,0.88498859,-0.187174755,0.804875219,1,0.877300102,0.861691799,0.901195867,0.32717307,-0.273024532,-0.14990203,-0.213203231,-0.349768131,0.506948114,0.543187466,0.320723734,-0.302130612,0.526926105,0.189180399,0.014453653,0.174676552,-0.189289855,0.258207464,-0.040997193,-0.26564951,0.289478416,0.229699762,-0.052127041,-0.350474872,0.001381138,0.061210749,0.211506619,0.087752914,0.462139232,0.361647258,-0.020886353,-0.124839664,0.122982899,-0.01229158,-0.055230256,0.300950473,-0.166654269,-0.274823469,-0.202915596,-0.231179158,-0.058181574,0.620413956,0.004756381,-0.36110873,0.423966595,0.620968876,0.88491813,0.659900046,0.62066153,-0.014934024,-0.175828778,-0.173784815,-0.016305687,0.134303178,-0.491152135,-0.444989977,-0.087364207,-0.114526749,0.078434432,0.029993691,0.072472289,0.173216702,0.087501831,0.467362082,0.611502448,0.7140441,0.335000186,-0.04044669,0.683685296,0.462468374,0.211782984,-0.388313677,-0.322936208,-0.197176314,-0.202318163,-0.395615148,-0.212976217,0.751488387,0.110560857,0.712618177,0.866577658,0.767637266,0.767463865,0.1524225,-0.315996261,-0.252555819,-0.117155098,-0.317439057,-0.157825912,0.602487879,-0.643698243,-0.643120932,-0.601884033,0.86135076,0.861691799,0.848739433,0.00482739,0.067287775,-0.024333809,0.024469876,0.860792842,0.883900859,0.318839462,-0.382144253,-0.411520488,0.075501663,0.011121946,-0.265562043,-0.081727052,-0.417078533,-0.355884957,0.474511057,-0.529073202,-0.377008892,-0.640379059,-0.581208629,-0.494695225,0.244389638,-0.225636322,-0.305469893,-0.253938873,0.217960664,0.395851412,-0.240332491,-0.41817397,-0.461660866,-0.058538829,0.300950473,0.20194162,-0.414008766,-0.408180759
Off TDs Allowed,-0.602171385,0.632015413,-0.401349994,-0.622801952,0.110576568,-0.249646059,-0.26300355,-0.227490782,-0.287386901,-0.171583984,0.840397893,0.027649997,0.824434574,0.877300102,1,0.990994679,0.862311145,0.280542593,-0.295933132,-0.081768245,-0.134900271,-0.300437553,0.609720459,0.65975491,0.265840917,-0.093238192,0.631528878,0.233525622,-0.022642003,0.159126883,-0.238582263,0.293092759,0.098478252,-0.111651568,0.325849881,0.292829494,-0.015434186,-0.307514498,0.050065624,0.08272206,0.257985942,0.08312407,0.579500703,0.468914841,-0.03525118,-0.120468419,0.038948286,0.080744642,0.019026334,0.446846917,-0.066303611,-0.253311646,-0.200766489,-0.118936362,0.014174589,0.514850591,-0.034483889,-0.318664734,0.364706928,0.710472014,0.775372579,0.618984538,0.504952286,0.1179008,-0.005813326,0.001044734,0.127218246,0.093901102,-0.401644085,-0.37015939,-0.021426741,-0.09005168,0.123321009,0.076708996,0.123162183,0.171372845,0.131694459,0.455799206,0.739682735,0.826924366,0.453126113,-0.120469153,0.78947111,0.439835274,0.276873358,-0.314411523,-0.332354825,-0.110610001,-0.192694381,-0.349297279,-0.27952299,0.771868466,0.359929977,0.786653791,0.814764153,0.873161403,0.80463971,0.207068494,-0.297338075,-0.284055789,-0.201205599,-0.324683987,-0.220925633,0.492908777,-0.514944948,-0.529624666,-0.488651045,0.923191612,0.990994679,0.97123981,0.03625499,0.058739607,-0.112895354,0.075479154,0.977441826,0.954224927,0.273243716,-0.306675576,-0.334292269,0.121147233,-0.032333729,-0.249290883,0.051892737,-0.338429053,-0.302059046,0.351472244,-0.364778207,-0.322564718,-0.511050137,-0.422890485,-0.362801151,0.245533978,-0.075619807,-0.232326279,-0.258723989,0.316250641,0.448139318,-0.158772868,-0.399916008,-0.398313003,0.015187486,0.446846917,0.365843175,-0.473612622,-0.467439258
Total TDs Allowed,-0.623597436,0.652252915,-0.423072683,-0.644046961,0.118157552,-0.262734149,-0.278444952,-0.242702816,-0.303914065,-0.182652406,0.825557274,0.011100353,0.799489956,0.861691799,0.990994679,1,0.849252306,0.294695084,-0.315836644,-0.086397941,-0.146651272,-0.320286166,0.590403812,0.664494361,0.230389233,-0.092892741,0.613024214,0.240242715,-0.007436445,0.182112276,-0.244988777,0.309568397,0.104804018,-0.117142966,0.342170814,0.318421525,-0.00954911,-0.334476168,0.066379136,0.137318725,0.287859228,0.103484857,0.57355858,0.457130619,-0.044590332,-0.138266773,0.036618875,0.086228649,0.021685208,0.486265534,-0.06789397,-0.261009266,-0.204749312,-0.129134096,0.017101506,0.485412766,-0.069324239,-0.34806067,0.326274562,0.701564913,0.764227598,0.613264286,0.476525758,0.110285965,-0.011196682,-0.011557056,0.120436858,0.108142315,-0.413484283,-0.38393444,-0.033616492,-0.102792696,0.150182929,0.098502296,0.161492876,0.226999941,0.159362209,0.462926178,0.740315026,0.824576879,0.464900631,-0.121728109,0.792392746,0.448152278,0.310597224,-0.331242843,-0.352397588,-0.120272753,-0.20576891,-0.372590859,-0.314104109,0.775032344,0.367143979,0.785191053,0.809227612,0.867036197,0.808862636,0.226110551,-0.314177116,-0.303536392,-0.220545061,-0.339828196,-0.237589136,0.496565117,-0.52556126,-0.541307243,-0.496343805,0.934498012,1,0.979548592,0.02731824,0.059712359,-0.100550553,0.083032426,0.988181872,0.968714986,0.293939129,-0.325442321,-0.352135955,0.102369988,-0.034217195,-0.267440196,0.057157119,-0.359761832,-0.322057536,0.356291808,-0.373177777,-0.325428806,-0.520972164,-0.431013028,-0.365711558,0.268078939,-0.079829277,-0.254253413,-0.284068915,0.321359728,0.482593606,-0.174292556,-0.413952949,-0.418338932,0.021650516,0.486265534,0.401427845,-0.507868862,-0.50191477
Yards Per Game Allowed,-0.654919047,0.654612979,-0.544857098,-0.655969377,0.067772558,-0.314061855,-0.289036944,-0.209630114,-0.321763007,-0.137345024,0.987051302,0.151517966,0.920476514,0.901195867,0.862311145,0.849252306,1,0.302895223,-0.371490405,-0.062000016,-0.087339564,-0.333096206,0.723200866,0.683860303,0.44922875,-0.184415675,0.740878386,0.290463301,-0.076931557,0.119573561,-0.289148987,0.285920965,0.066381407,-0.153276417,0.293041801,0.233187617,-0.028268412,-0.349340067,0.021478447,0.100118087,0.216817471,0.007146812,0.555088765,0.454182676,-0.037507281,-0.053644116,-0.013669788,0.13136099,0.057447488,0.327877199,-0.051002007,-0.313490979,-0.262465013,-0.113194971,0.071311045,0.71473336,0.175150768,-0.166064449,0.522298244,0.585064497,0.779934908,0.549628266,0.712963847,0.066803798,-0.066129333,-0.083214787,0.081777188,0.090995663,-0.452039379,-0.38880877,-0.116044254,-0.089153912,0.086314126,0.124934638,0.14767538,0.188304464,0.101741598,0.426891993,0.753510948,0.754914045,0.343775207,0.116068149,0.786046331,0.413948217,0.255894091,-0.388715492,-0.425661306,-0.125528074,-0.185924448,-0.415612983,-0.264143112,0.823348162,0.374124141,0.784442928,0.810984316,0.772042311,0.832450584,0.198732211,-0.403836468,-0.33879291,-0.170288657,-0.384500195,-0.248857225,0.544636144,-0.595503654,-0.612147761,-0.547442061,0.882955451,0.849252306,0.825319573,0.039590219,0.163961131,0.144651454,0.035478684,0.874637831,0.89625598,0.284698545,-0.35076987,-0.374205037,0.077405528,-0.012021733,-0.240341619,-0.025633154,-0.38125309,-0.310235024,0.347038776,-0.399337728,-0.344497111,-0.572030646,-0.45990199,-0.353079315,0.284799963,-0.092927435,-0.271431038,-0.298938449,0.53327623,0.299546826,-0.153764852,-0.337032365,-0.34781092,-0.12504587,0.327877199,0.180403769,-0.329081309,-0.324258294
First Down Rank,-0.734900313,0.713555834,-0.680846932,-0.726556775,0.880611283,-0.834240839,-0.91757857,-0.789810775,-0.852935619,-0.876635837,0.28860527,-0.422064329,0.039784604,0.32717307,0.280542593,0.294695084,0.302895223,1,-0.510878028,-0.665364301,-0.29495744,-0.955430649,-0.103202073,0.175553899,-0.25082306,-0.266478054,-0.093079749,0.376401759,-0.137504726,0.076245261,-0.371619032,0.199254774,-0.163577671,-0.373119205,0.208479016,0.078244942,-0.350395566,-0.42706661,-0.320390482,-0.100150797,0.039716857,0.117046527,0.095609126,0.025024607,-0.108604264,-0.1088254,0.599738108,-0.388974123,-0.505827412,0.264308146,-0.667805566,-0.622412412,-0.318508304,-0.692454592,-0.567711477,0.057156972,-0.347693145,-0.537390362,-0.227833733,0.133598185,0.326482731,0.183097154,0.059344449,-0.137463253,-0.281746311,-0.321853286,-0.129643353,-0.024645471,-0.324532522,-0.203611886,-0.029804116,0.009320194,-0.122475662,0.432977022,0.209899283,0.114771908,-0.11939657,0.1068642,0.270650149,0.274807071,0.237050016,-0.104555234,0.27349273,0.135716067,0.424389495,-0.846811253,-0.614429791,-0.62079726,-0.269014685,-0.848163287,-0.449562069,0.367267793,-0.030741248,0.238076918,0.331018587,0.290479163,0.375904427,0.377423854,-0.334930687,-0.459616153,-0.498211878,-0.606984576,-0.359564541,0.367380218,-0.45799534,-0.451032907,-0.380447684,0.385515044,0.294695084,0.346810637,-0.352860143,0.179537386,-0.087138462,-0.050180903,0.280754239,0.407258638,0.870461923,-0.846251905,-0.836604093,-0.147573206,-0.264677274,-0.233191292,0.010319889,-0.865660906,-0.849497202,0.274906009,-0.395651591,-0.255706915,-0.430699884,-0.425356619,-0.270756642,0.76874771,-0.176789351,-0.679836168,-0.755600064,0.223692774,0.381094976,-0.078740134,-0.494542235,-0.421087061,-0.032144387,0.264308146,0.189808816,-0.381034417,-0.386506759
First Down Runs,0.541772402,-0.53628829,0.468023725,0.539193484,-0.449492141,0.471329115,0.529817816,0.460331388,0.591856696,0.472344526,-0.361241186,0.040502908,-0.223441443,-0.273024532,-0.295933132,-0.315836644,-0.371490405,-0.510878028,1,-0.223649188,-0.131091541,0.529034318,-0.165209219,-0.252681123,-0.009192062,-0.003037764,-0.193836729,-0.396514486,0.299964003,0.088355288,0.423793395,-0.256101099,0.087306798,0.304537667,-0.236727486,-0.106650347,0.237313129,0.211078648,0.196679015,-0.033376681,-0.114867667,0.081236253,-0.306587698,-0.264497846,-0.019803444,-0.089770247,0.245128296,-0.495697328,-0.386204204,-0.511380535,-0.186330758,0.488702252,0.592129827,0.084543402,-0.313532571,-0.217729546,0.047021049,0.201250324,-0.031928278,-0.197964474,-0.261650721,-0.13253393,-0.212522987,-0.130706433,0.008758438,0.013848085,-0.131553241,0.047117203,0.255917587,0.145131163,0.012532821,-0.063836782,-0.035875908,-0.202098327,-0.149233798,-0.113338131,-0.043341471,-0.169917311,-0.265206665,-0.26075308,-0.176221729,-0.021520553,-0.289301523,-0.199695527,-0.367637462,0.437886536,0.792412682,0.011309188,-0.092557455,0.485053075,0.369971526,-0.350438418,-0.148441701,-0.267762301,-0.268296664,-0.266908413,-0.350552074,-0.872815014,0.904563129,0.961698749,0.77359756,0.837185541,0.93776022,-0.194210835,0.259772362,0.257480139,0.198486018,-0.395630571,-0.315836644,-0.347668596,0.036135579,-0.090545834,-0.06593176,-0.147678114,-0.33365808,-0.399719481,-0.550025605,0.596034295,0.587018489,0.030294634,0.154682467,-0.075655413,0.083940142,0.572283078,0.554030821,-0.096967705,0.198728162,0.152688183,0.249654839,0.22223181,0.10928432,-0.552415706,0.105171247,0.497855143,0.571662844,-0.411734248,-0.355172983,0.164370772,0.222086382,0.267506774,0.217824478,-0.511380535,-0.266635881,0.330797458,0.330336936
First Down Passes,0.421182816,-0.39542595,0.43492747,0.402619904,-0.61782439,0.591261791,0.666326332,0.572918425,0.534009873,0.651505346,-0.049122663,0.436885477,0.128076442,-0.14990203,-0.081768245,-0.086397941,-0.062000016,-0.665364301,-0.223649188,1,0.344537141,0.69996375,0.233040673,-0.003730832,0.275486454,0.319523823,0.249157401,-0.145024492,-0.095141598,-0.181178929,0.108751547,-0.036107261,0.102551624,0.167971817,-0.047580183,-0.008557956,0.130374349,0.422748713,0.125390562,0.08781891,0.037000502,-0.205450725,0.102940288,0.147085784,0.108866119,0.191152807,-0.898798903,0.887902734,0.942295196,0.122031795,0.967534876,0.332453328,-0.122785086,0.796185215,0.942766706,0.086321638,0.334754538,0.456236483,0.26599995,-0.013931312,-0.190182005,-0.103069938,0.074500436,0.274567258,0.3187006,0.37682829,0.263800043,-0.049040552,0.169099615,0.131974046,0.082879177,0.075379755,0.196487673,-0.336794817,-0.115184332,0.002200794,0.197733771,-0.008688712,-0.132878172,-0.099583803,-0.173561736,0.095185002,-0.113862279,-0.011529825,-0.221308344,0.618440862,0.03943136,0.769688157,0.367113236,0.596329667,0.254343637,-0.139690289,0.132989245,-0.048481445,-0.13517961,-0.101985929,-0.145443127,0.30023605,-0.374733194,-0.253779986,-0.034354825,-0.000981635,-0.358386372,-0.250813807,0.308451378,0.314581918,0.260987487,-0.127811375,-0.086397941,-0.117997692,0.373172144,-0.106990164,0.118606661,0.179865395,-0.06093803,-0.155475119,-0.516213679,0.520471767,0.519098085,0.127001494,0.152034573,0.34386291,-0.045388561,0.563721421,0.546579141,-0.225645474,0.314943261,0.127900077,0.307732765,0.311815434,0.215086327,-0.416647443,0.085650344,0.362013032,0.407749596,0.052916799,-0.134558652,-0.070621402,0.394764398,0.255008796,-0.153449598,0.122031795,-0.001964563,0.162110556,0.165764276
